1 01111111
0 11110100
0 01010110
0 10010101
0 00111001
0 10111111
0 01000001
0 10000001
0 10110010
0 11100011
0 11110100
0 10001011
0 00100011
0 00100110
0 01000001
0 11010110
0 01000000
0 11001111
0 00111110
0 11101100
0 01011001
0 00110010
0 01000000
0 10011101
0 01111000
0 01011001
0 11010011
0 10010101
0 10001100
0 11101001
0 01001000
0 11000001
0 11000000
0 01100001
0 10010000
0 00010011
0 00001101
0 10000111
0 11000110
0 11101110
0 00100001
0 10010001
0 01110111
0 00000011
0 01010101
0 00101001
0 11001010
0 01001111
0 10000110
0 00101010
0 10011001
0 01000011
0 10100110
0 10101111
0 10111110
0 01110010
0 00010101
0 00111010
0 11101000
0 00100110
0 11010010
0 10001001
0 11111110
0 00010011
0 01110000
0 00011011
0 11110101
0 00000001
0 11000101
0 11010000
0 11011101
0 00010101
0 01100101
0 01000010
0 11001100
0 01101110
0 11101000
0 00101110
0 01000011
0 00100101
0 00100010
0 11011101
0 10010011
0 10001100
0 00100100
0 11011001
0 10011110
0 01011001
0 10000010
0 01100110
0 00010011
0 00111101
0 00011111
0 00101110
0 00111101
0 01101010
0 00001100
0 11100110
0 11110000
0 01111101
0 01111100
0 01010110
0 11100101
0 01011110
0 00011100
0 11000110
0 01100011
0 00111101
0 01100110
0 00011000
0 00100001
0 11110000
0 11110011
0 10010010
0 00001111
0 00111011
0 01011010
0 11010001
0 00000011
0 00001010
0 00101011
0 10100101
0 10111010
0 10100101
0 01110010
0 10001011
0 01001011
0 10111101
0 00110000
0 10101111
0 00101110
0 01011101
0 10011111
0 11000110
0 00010100
0 11101100
0 11000101
0 01111100
0 01101111
0 01110001
0 01001110
0 10000001
0 10000010
0 11010000
0 11001010
0 10100100
0 01100000
0 11001110
0 10000111
0 01011001
0 11101111
0 11011111
0 10001100
0 10011110
0 10010101
0 00110100
0 01001100
0 01111000
0 00111010
0 11010111
0 00110001
0 00111001
0 00101011
0 00111010
0 01101111
0 01001111
0 11101011
0 01101101
0 00101111
0 11100110
0 11111001
0 01101111
0 00011100
0 01000001
0 01101000
0 10010111
0 01000010
0 10011001
0 10110101
0 00111000
0 00011101
0 01001011
0 01010001
0 01101100
0 10000001
0 00010101
0 01000010
0 11001100
0 00000111
0 11101100
0 10111010
0 01111100
0 10010011
0 00111100
0 01110101
0 11110101
0 10001011
0 10000100
0 00111011
0 01111100
0 10011111
0 10101101
0 01100100
0 01011101
0 11111011
0 00001001
0 11100001
0 11101000
0 11001011
0 00011001
0 01000010
0 01010101
0 10101101
0 00100010
0 10110111
0 00011011
0 10100110
0 01111110
0 11000110
0 10110110
0 11100110
0 11100011
0 01010101
0 10110010
0 00110010
0 00000111
0 10111101
0 01111111
0 01111010
0 11100110
0 10011011
0 10011101
0 11011011
0 11001101
0 10010011
0 00101110
0 00111101
0 11100010
0 00000111
0 11110111
0 01010001
0 11000011
0 01101100
0 01101000
0 10110010
0 01010100
0 01111100
0 00010110
0 00100001
0 11000010
0 11110111
0 00001101
0 10101010
0 11000110
0 11001000
